452
328
867
108
649
397
469
646
988
493
201
447
753
910
307
960
126
631
339
447
692
793
947
412
953
497
194
225
711
127
905
11
195
641
694
973
13
367
666
145
543
222
445
815
435
414
449
762
898
200
371
246
364
685
920
690
263
587
362
174
508
183
258
327
140
338
150
409
982
780
937
373
862
590
570
813
94
634
201
441
635
256
896
398
747
795
892
832
94
528
437
78
848
104
166
753
452
526
498
284
54
317
189
564
937
511
489
459
29
319
339
10
858
971
38
217
57
211
325
954
30
881
504
472
357
527
42
814
591
817
149
624
765
389
307
264
327
425
916
231
246
531
147
393
872
531
766
144
505
684
460
340
192
343
986
345
35
12
973
837
779
51
972
942
898
113
606
716
85
206
423
723
41
163
753
745
812
554
799
489
115
838
709
424
750
337
568
99
773
807
